box
N = 30
M = 30
C1 = 1
B = 2
No. points = 3014
Mean_Value = -0.026411257422529835
Stand_dev = 1.990250294340441
RMS = 1.990425529539061
Skewness = 0.04649882330359169
Kurtosis = 2.8060622333611556
