poly
N = 30
M = 30
C1 = 2.492903344092174
H = 0.5
No. points = 10908
Mean_Value = 0.022987894522755466
Stand_dev = 1.999867884812747
RMS = 2.0
Skewness = -0.14981985978510726
Kurtosis = 2.6651132678348914
