poly
N = 30
M = 30
C1 = 1
B = 2
No. points = 6565
Mean_Value = 0.006466125263289431
Stand_dev = 1.2013877098591896
RMS = 1.2014051107668173
Skewness = 0.26045066994803157
Kurtosis = 3.3657655956236323
