poly
N = 30
M = 30
C1 = 2.3215417126380875
H = 0.5
No. points = 6666
Mean_Value = -0.030256737212031492
Stand_dev = 1.9997711193667347
RMS = 2.0
Skewness = -0.1577995949624103
Kurtosis = 2.0939452476105593
