Sphere
C1 = 200000000
C2 = 2.316101537891421e-06
Mean_Value = -0.002725247316874775
Stand_dev = 0.8042579580047328
RMS = 0.06954641008601475
