Sphere
C1 = 10000
C2 = 3.599712023038157e-06
Mean_Value = -5.752622732674052
Stand_dev = 0.5445215143872232
RMS = 3.0705232420285076
