wire
N = 30
M = 30
C1 = 2
B = 2
No. points = 2499
Mean_Value = 0.598747074955277
Stand_dev = 1.0613963760114968
RMS = 1.2186305128207806
Skewness = -0.17248043920744757
Kurtosis = 2.687484331216557
